[0.85 0.54 0.9  0.74 0.58 0.55 0.72 0.53 0.53 0.59 0.73 0.63 0.86 0.89
 0.61 0.57 0.89 0.58 0.5  0.61 0.73 0.86 0.53 0.56 0.74 0.56 0.62 0.67
 0.84 0.88 0.59 0.76 0.86 0.75 0.53 0.69 0.82 0.65 0.88 0.72 0.56 0.58
 0.74 0.61 0.59 0.53 0.56 0.7  0.73 0.85 0.74 0.72 0.52 0.56 0.8  0.87
 0.51 0.77 0.88 0.79 0.86 0.89 0.63 0.8  0.68 0.77 0.51 0.63 0.77 0.65
 0.81 0.84 0.71 0.71 0.62 0.51 0.6  0.77 0.64 0.51 0.7  0.61 0.66 0.76
 0.58 0.6  0.89 0.55 0.75 0.8  0.85 0.68 0.75 0.89 0.7  0.51 0.55 0.56
 0.51 0.87 0.87 0.65 0.57 0.86 0.77 0.82 0.83 0.9  0.54 0.53 0.58 0.53
 0.71 0.76 0.69 0.76 0.78 0.89 0.64 0.83 0.71 0.63 0.79 0.75 0.82 0.9
 0.55 0.74 0.89 0.78 0.66 0.66 0.5  0.76 0.74 0.74 0.56 0.52 0.62 0.54
 0.51 0.66 0.77 0.66 0.51 0.69 0.71 0.63 0.61 0.53 0.63 0.5  0.83 0.53
 0.79 0.63 0.6  0.8  0.58 0.82 0.86 0.55 0.79 0.86 0.55 0.85 0.61 0.59
 0.54 0.53 0.6  0.67 0.61 0.56 0.67 0.59 0.81 0.72 0.62 0.8  0.63 0.68
 0.88 0.52 0.81 0.66 0.71 0.61 0.56 0.72 0.86 0.54 0.87 0.66 0.53 0.63
 0.51 0.72 0.83 0.62]