9.4e-04 7.2e-04 6.6e-04 1.1e-04 1.8e-04 5.2e-04 3.7e-04 8.0e-05 6.0e-04
 9.0e-05 9.9e-04 8.2e-04 8.5e-04 4.6e-04 9.3e-04 9.4e-04 7.6e-04 4.9e-04
 6.0e-05 1.0e-04 9.7e-04 1.3e-04 5.7e-04 5.0e-04 4.5e-04 7.1e-04 6.1e-04
 2.4e-04 1.4e-04 5.4e-04 4.4e-04 1.8e-04 2.0e-04 8.4e-04 2.2e-04 4.9e-04
 5.8e-04 3.6e-04 9.5e-04 3.0e-04 7.2e-04 3.2e-04 3.0e-05 5.0e-04 6.0e-04
 7.3e-04 3.4e-04 1.8e-04 6.8e-04 5.6e-04 7.0e-05 4.9e-04 2.0e-04 6.0e-04
 3.6e-04 3.1e-04 4.6e-04 4.4e-04 5.2e-04 4.8e-04 6.4e-04 1.0e-03 6.2e-04
 3.9e-04 0.0e+00 7.9e-04 7.2e-04 1.8e-04 1.8e-04 4.2e-04 2.0e-05 6.0e-04
 3.7e-04 9.2e-04 3.1e-04 4.8e-04 4.0e-05 8.5e-04 3.0e-05 6.0e-04 8.2e-04
 1.0e-05 6.0e-04 5.0e-04 6.2e-04 9.8e-04 3.4e-04 4.8e-04 4.6e-04 1.4e-04
 1.2e-04 3.2e-04 7.5e-04 9.2e-04 6.3e-04 7.8e-04 8.7e-04 5.7e-04 5.9e-04
 9.0e-05 6.8e-04 6.6e-04 2.4e-04 8.7e-04 6.7e-04 9.1e-04 1.1e-04 5.3e-04
 9.7e-04 3.3e-04 2.9e-04 0.0e+00 6.8e-04 9.1e-04 8.8e-04 1.5e-04 1.3e-04
 4.2e-04 7.3e-04 4.7e-04 6.0e-04 9.2e-04 4.9e-04 6.4e-04 2.7e-04 4.4e-04
 8.2e-04 4.4e-04 7.5e-04 5.9e-04 7.0e-05 5.9e-04 2.3e-04 2.4e-04 1.1e-04
 3.6e-04 7.0e-05 5.7e-04 1.3e-04 5.2e-04 3.4e-04 2.5e-04 8.4e-04 5.0e-05
 1.6e-04 4.6e-04 8.3e-04 8.7e-04 1.3e-04 4.2e-04 5.0e-04 3.6e-04 5.6e-04
 8.5e-04 1.0e-03 5.8e-04 6.2e-04 9.0e-04 7.2e-04 8.7e-04 1.7e-04 7.9e-04
 6.5e-04 7.8e-04 8.0e-04 9.5e-04 7.7e-04 2.8e-04 2.8e-04 1.0e-05 6.8e-04
 8.3e-04 8.6e-04 2.2e-04 1.4e-04 6.7e-04 5.4e-04 4.7e-04 8.5e-04 7.0e-05
 9.7e-04 5.9e-04 9.9e-04 8.3e-04 2.2e-04 1.0e-04 9.2e-04 4.0e-05 5.0e-04
 8.4e-04 7.0e-05 7.6e-04 1.3e-04 2.3e-04 1.5e-04 9.0e-04 4.1e-04 5.7e-04
 3.1e-04 5.9e-04